(kicad_pcb (version 20171130) (host pcbnew 5.0.0)

  (general
    (thickness 1.6)
    (drawings 4)
    (tracks 271)
    (zones 0)
    (modules 86)
    (nets 47)
  )

  (page A4)
  (layers
    (0 F.Cu signal)
    (31 B.Cu signal)
    (32 B.Adhes user)
    (34 B.Paste user)
    (36 B.SilkS user)
    (38 B.Mask user)
    (40 Dwgs.User user)
    (41 Cmts.User user)
    (42 Eco1.User user)
    (43 Eco2.User user)
    (44 Edge.Cuts user)
    (45 Margin user)
    (46 B.CrtYd user)
    (47 F.CrtYd user)
    (48 B.Fab user)
  )

  (setup
    (last_trace_width 0.508)
    (user_trace_width 0.508)
    (user_trace_width 0.762)
    (user_trace_width 1.016)
    (user_trace_width 1.27)
    (user_trace_width 1.524)
    (user_trace_width 2.032)
    (user_trace_width 2.54)
    (user_trace_width 3.048)
    (trace_clearance 0.508)
    (zone_clearance 0.508)
    (zone_45_only no)
    (trace_min 0.2)
    (segment_width 0.2)
    (edge_width 0.15)
    (via_size 1.5)
    (via_drill 0.8)
    (via_min_size 0.4)
    (via_min_drill 0.3)
    (uvia_size 0.3)
    (uvia_drill 0.1)
    (uvias_allowed no)
    (uvia_min_size 0.2)
    (uvia_min_drill 0.1)
    (pcb_text_width 0.3)
    (pcb_text_size 1.5 1.5)
    (mod_edge_width 0.15)
    (mod_text_size 1 1)
    (mod_text_width 0.15)
    (pad_size 1.524 1.524)
    (pad_drill 0.762)
    (pad_to_mask_clearance 0.2)
    (aux_axis_origin 0 0)
    (visible_elements FFFFEF7F)
    (pcbplotparams
      (layerselection 0x010fc_ffffffff)
      (usegerberextensions false)
      (usegerberattributes false)
      (usegerberadvancedattributes false)
      (creategerberjobfile false)
      (excludeedgelayer true)
      (linewidth 0.100000)
      (plotframeref false)
      (viasonmask false)
      (mode 1)
      (useauxorigin false)
      (hpglpennumber 1)
      (hpglpenspeed 20)
      (hpglpendiameter 15.000000)
      (psnegative false)
      (psa4output false)
      (plotreference true)
      (plotvalue true)
      (plotinvisibletext false)
      (padsonsilk false)
      (subtractmaskfromsilk false)
      (outputformat 1)
      (mirror false)
      (drillshape 1)
      (scaleselection 1)
      (outputdirectory ""))
  )

  (net 0 "")
  (net 1 "Net-(D103-Pad2)")
  (net 2 "Net-(C105-Pad2)")
  (net 3 "Net-(D101-Pad2)")
  (net 4 "Net-(C109-Pad2)")
  (net 5 "Net-(C112-Pad1)")
  (net 6 "Net-(C109-Pad1)")
  (net 7 "Net-(D111-Pad2)")
  (net 8 "Net-(D109-Pad2)")
  (net 9 "Net-(C105-Pad1)")
  (net 10 "Net-(D107-Pad2)")
  (net 11 "Net-(D105-Pad2)")
  (net 12 "Net-(C101-Pad2)")
  (net 13 "Net-(C104-Pad1)")
  (net 14 "Net-(C101-Pad1)")
  (net 15 "Net-(C108-Pad1)")
  (net 16 GNDPWR)
  (net 17 "Net-(D101-Pad1)")
  (net 18 "Net-(C106-Pad2)")
  (net 19 "Net-(D109-Pad1)")
  (net 20 "Net-(Q103-Pad2)")
  (net 21 "Net-(D110-Pad2)")
  (net 22 "Net-(J106-Pad2)")
  (net 23 "Net-(C111-Pad1)")
  (net 24 "Net-(D111-Pad1)")
  (net 25 "Net-(D113-Pad1)")
  (net 26 "Net-(C102-Pad2)")
  (net 27 "Net-(J102-Pad2)")
  (net 28 "Net-(Q102-Pad2)")
  (net 29 "Net-(D106-Pad2)")
  (net 30 "Net-(D105-Pad1)")
  (net 31 "Net-(D107-Pad1)")
  (net 32 "Net-(J104-Pad2)")
  (net 33 "Net-(C107-Pad1)")
  (net 34 "Net-(C110-Pad2)")
  (net 35 "Net-(D103-Pad1)")
  (net 36 "Net-(C103-Pad1)")
  (net 37 "Net-(D102-Pad2)")
  (net 38 "Net-(Q101-Pad2)")
  (net 39 "Net-(K103-Pad4)")
  (net 40 "Net-(K101-Pad4)")
  (net 41 "Net-(K102-Pad4)")
  (net 42 "Net-(U101-Pad3)")
  (net 43 "Net-(U103-Pad3)")
  (net 44 "Net-(U102-Pad3)")
  (net 45 +12V)
  (net 46 "Net-(F104-Pad2)")

  (net_class Default "This is the default net class."
    (clearance 0.508)
    (trace_width 0.508)
    (via_dia 1.5)
    (via_drill 0.8)
    (uvia_dia 0.3)
    (uvia_drill 0.1)
    (diff_pair_gap 0.508)
    (diff_pair_width 0.508)
  )

  (net_class POWER ""
    (clearance 0.508)
    (trace_width 1.016)
    (via_dia 1.5)
    (via_drill 0.8)
    (uvia_dia 0.3)
    (uvia_drill 0.1)
    (diff_pair_gap 0.508)
    (diff_pair_width 1.016)
    (add_net +12V)
    (add_net GNDPWR)
    (add_net "Net-(C101-Pad1)")
    (add_net "Net-(C101-Pad2)")
    (add_net "Net-(C102-Pad2)")
    (add_net "Net-(C103-Pad1)")
    (add_net "Net-(C104-Pad1)")
    (add_net "Net-(C105-Pad1)")
    (add_net "Net-(C105-Pad2)")
    (add_net "Net-(C106-Pad2)")
    (add_net "Net-(C107-Pad1)")
    (add_net "Net-(C108-Pad1)")
    (add_net "Net-(C109-Pad1)")
    (add_net "Net-(C109-Pad2)")
    (add_net "Net-(C110-Pad2)")
    (add_net "Net-(C111-Pad1)")
    (add_net "Net-(C112-Pad1)")
    (add_net "Net-(D101-Pad1)")
    (add_net "Net-(D101-Pad2)")
    (add_net "Net-(D102-Pad2)")
    (add_net "Net-(D103-Pad1)")
    (add_net "Net-(D103-Pad2)")
    (add_net "Net-(D105-Pad1)")
    (add_net "Net-(D105-Pad2)")
    (add_net "Net-(D106-Pad2)")
    (add_net "Net-(D107-Pad1)")
    (add_net "Net-(D107-Pad2)")
    (add_net "Net-(D109-Pad1)")
    (add_net "Net-(D109-Pad2)")
    (add_net "Net-(D110-Pad2)")
    (add_net "Net-(D111-Pad1)")
    (add_net "Net-(D111-Pad2)")
    (add_net "Net-(D113-Pad1)")
    (add_net "Net-(F104-Pad2)")
    (add_net "Net-(J102-Pad2)")
    (add_net "Net-(J104-Pad2)")
    (add_net "Net-(J106-Pad2)")
    (add_net "Net-(K101-Pad4)")
    (add_net "Net-(K102-Pad4)")
    (add_net "Net-(K103-Pad4)")
    (add_net "Net-(Q101-Pad2)")
    (add_net "Net-(Q102-Pad2)")
    (add_net "Net-(Q103-Pad2)")
    (add_net "Net-(U101-Pad3)")
    (add_net "Net-(U102-Pad3)")
    (add_net "Net-(U103-Pad3)")
  )

  (module KicadZeniteSolarLibrary18:Fuse_Holder_5x20 (layer F.Cu) (tedit 5B68B1CC) (tstamp 5BCCF9D8)
    (at 638.025 -120.882)
    (tags "Zenite Solar Library 2018")
    (path /5B6B2860)
    (fp_text reference F104 (at 0 0.5) (layer F.SilkS)
      (effects (font (size 1 1) (thickness 0.15)))
    )
    (fp_text value 10A (at 0 -0.5) (layer F.Fab)
      (effects (font (size 1 1) (thickness 0.15)))
    )
    (fp_line (start 0 0) (end 0 9.906) (layer F.SilkS) (width 0.15))
    (fp_line (start 0 0) (end 25.019 0) (layer F.SilkS) (width 0.15))
    (fp_line (start 0 9.906) (end 25.019 9.906) (layer F.SilkS) (width 0.15))
    (fp_line (start 25.019 0) (end 25.019 9.906) (layer F.SilkS) (width 0.15))
    (pad 1 thru_hole circle (at 1.27 4.953) (size 3.5 3.5) (drill 1.5) (layers *.Cu *.Mask)
      (net 45 +12V))
    (pad 2 thru_hole circle (at 23.7236 4.953) (size 3.5 3.5) (drill 1.5) (layers *.Cu *.Mask)
      (net 46 "Net-(F104-Pad2)"))
    (model KicadZeniteSolarLibrary18.pretty/3D/fuse_holder_5x20.wrl
      (offset (xyz 12.06499981880188 -4.444999933242798 0))
      (scale (xyz 1 1 1))
      (rotate (xyz 0 0 0))
    )
    (model KicadZeniteSolarLibrary18.pretty/3D//fuse_5x20.wrl
      (offset (xyz 1.904999971389771 -4.444999933242798 9.524999856948853))
      (scale (xyz 1 1 1))
      (rotate (xyz 0 90 0))
    )
  )

  (module KicadZeniteSolarLibrary18:Fuse_Holder_5x20 (layer F.Cu) (tedit 5B68B1CC) (tstamp 5BCCF9CF)
    (at 638.025 -21.25)
    (tags "Zenite Solar Library 2018")
    (path /5B7E7560)
    (fp_text reference F103 (at 0 0.5) (layer F.SilkS)
      (effects (font (size 1 1) (thickness 0.15)))
    )
    (fp_text value 3A (at 0 -0.5) (layer F.Fab)
      (effects (font (size 1 1) (thickness 0.15)))
    )
    (fp_line (start 25.019 0) (end 25.019 9.906) (layer F.SilkS) (width 0.15))
    (fp_line (start 0 9.906) (end 25.019 9.906) (layer F.SilkS) (width 0.15))
    (fp_line (start 0 0) (end 25.019 0) (layer F.SilkS) (width 0.15))
    (fp_line (start 0 0) (end 0 9.906) (layer F.SilkS) (width 0.15))
    (pad 2 thru_hole circle (at 23.7236 4.953) (size 3.5 3.5) (drill 1.5) (layers *.Cu *.Mask)
      (net 8 "Net-(D109-Pad2)"))
    (pad 1 thru_hole circle (at 1.27 4.953) (size 3.5 3.5) (drill 1.5) (layers *.Cu *.Mask)
      (net 45 +12V))
    (model KicadZeniteSolarLibrary18.pretty/3D/fuse_holder_5x20.wrl
      (offset (xyz 12.06499981880188 -4.444999933242798 0))
      (scale (xyz 1 1 1))
      (rotate (xyz 0 0 0))
    )
    (model KicadZeniteSolarLibrary18.pretty/3D//fuse_5x20.wrl
      (offset (xyz 1.904999971389771 -4.444999933242798 9.524999856948853))
      (scale (xyz 1 1 1))
      (rotate (xyz 0 90 0))
    )
  )

  (module KicadZeniteSolarLibrary18:Fuse_Holder_5x20 (layer F.Cu) (tedit 5B68B1CC) (tstamp 5BCCF9C6)
    (at 638.025 -52.875)
    (tags "Zenite Solar Library 2018")
    (path /5B7DF92A)
    (fp_text reference F102 (at 0 0.5) (layer F.SilkS)
      (effects (font (size 1 1) (thickness 0.15)))
    )
    (fp_text value 3A (at 0 -0.5) (layer F.Fab)
      (effects (font (size 1 1) (thickness 0.15)))
    )
    (fp_line (start 0 0) (end 0 9.906) (layer F.SilkS) (width 0.15))
    (fp_line (start 0 0) (end 25.019 0) (layer F.SilkS) (width 0.15))
    (fp_line (start 0 9.906) (end 25.019 9.906) (layer F.SilkS) (width 0.15))
    (fp_line (start 25.019 0) (end 25.019 9.906) (layer F.SilkS) (width 0.15))
    (pad 1 thru_hole circle (at 1.27 4.953) (size 3.5 3.5) (drill 1.5) (layers *.Cu *.Mask)
      (net 45 +12V))
    (pad 2 thru_hole circle (at 23.7236 4.953) (size 3.5 3.5) (drill 1.5) (layers *.Cu *.Mask)
      (net 11 "Net-(D105-Pad2)"))
    (model KicadZeniteSolarLibrary18.pretty/3D/fuse_holder_5x20.wrl
      (offset (xyz 12.06499981880188 -4.444999933242798 0))
      (scale (xyz 1 1 1))
      (rotate (xyz 0 0 0))
    )
    (model KicadZeniteSolarLibrary18.pretty/3D//fuse_5x20.wrl
      (offset (xyz 1.904999971389771 -4.444999933242798 9.524999856948853))
      (scale (xyz 1 1 1))
      (rotate (xyz 0 90 0))
    )
  )

  (module KicadZeniteSolarLibrary18:Fuse_Holder_5x20 (layer F.Cu) (tedit 5B68B1CC) (tstamp 5BCCF9BD)
    (at 638.025 -84.125)
    (tags "Zenite Solar Library 2018")
    (path /5B6E1CBE)
    (fp_text reference F101 (at 0 0.5) (layer F.SilkS)
      (effects (font (size 1 1) (thickness 0.15)))
    )
    (fp_text value 3A (at 0 -0.5) (layer F.Fab)
      (effects (font (size 1 1) (thickness 0.15)))
    )
    (fp_line (start 25.019 0) (end 25.019 9.906) (layer F.SilkS) (width 0.15))
    (fp_line (start 0 9.906) (end 25.019 9.906) (layer F.SilkS) (width 0.15))
    (fp_line (start 0 0) (end 25.019 0) (layer F.SilkS) (width 0.15))
    (fp_line (start 0 0) (end 0 9.906) (layer F.SilkS) (width 0.15))
    (pad 2 thru_hole circle (at 23.7236 4.953) (size 3.5 3.5) (drill 1.5) (layers *.Cu *.Mask)
      (net 3 "Net-(D101-Pad2)"))
    (pad 1 thru_hole circle (at 1.27 4.953) (size 3.5 3.5) (drill 1.5) (layers *.Cu *.Mask)
      (net 45 +12V))
    (model KicadZeniteSolarLibrary18.pretty/3D/fuse_holder_5x20.wrl
      (offset (xyz 12.06499981880188 -4.444999933242798 0))
      (scale (xyz 1 1 1))
      (rotate (xyz 0 0 0))
    )
    (model KicadZeniteSolarLibrary18.pretty/3D//fuse_5x20.wrl
      (offset (xyz 1.904999971389771 -4.444999933242798 9.524999856948853))
      (scale (xyz 1 1 1))
      (rotate (xyz 0 90 0))
    )
  )

  (module Capacitor_SMD:C_0805_2012Metric_Pad1.15x1.40mm_HandSolder (layer B.Cu) (tedit 5B36C52B) (tstamp 5BC087F1)
    (at 580.625 -76.45 90)
    (descr "Capacitor SMD 0805 (2012 Metric), square (rectangular) end terminal, IPC_7351 nominal with elongated pad for handsoldering. (Body size source: https://docs.google.com/spreadsheets/d/1BsfQQcO9C6DZCsRaXUlFlo91Tg2WpOkGARC1WS5S8t0/edit?usp=sharing), generated with kicad-footprint-generator")
    (tags "capacitor handsolder")
    (path /5B6898D2)
    (attr smd)
    (fp_text reference C101 (at 0 1.65 90) (layer B.SilkS)
      (effects (font (size 1 1) (thickness 0.15)) (justify mirror))
    )
    (fp_text value 100n (at 0 -1.65 90) (layer B.Fab)
      (effects (font (size 1 1) (thickness 0.15)) (justify mirror))
    )
    (fp_text user %R (at 0 0 90) (layer B.Fab)
      (effects (font (size 0.5 0.5) (thickness 0.08)) (justify mirror))
    )
    (fp_line (start 1.85 -0.95) (end -1.85 -0.95) (layer B.CrtYd) (width 0.05))
    (fp_line (start 1.85 0.95) (end 1.85 -0.95) (layer B.CrtYd) (width 0.05))
    (fp_line (start -1.85 0.95) (end 1.85 0.95) (layer B.CrtYd) (width 0.05))
    (fp_line (start -1.85 -0.95) (end -1.85 0.95) (layer B.CrtYd) (width 0.05))
    (fp_line (start -0.261252 -0.71) (end 0.261252 -0.71) (layer B.SilkS) (width 0.12))
    (fp_line (start -0.261252 0.71) (end 0.261252 0.71) (layer B.SilkS) (width 0.12))
    (fp_line (start 1 -0.6) (end -1 -0.6) (layer B.Fab) (width 0.1))
    (fp_line (start 1 0.6) (end 1 -0.6) (layer B.Fab) (width 0.1))
    (fp_line (start -1 0.6) (end 1 0.6) (layer B.Fab) (width 0.1))
    (fp_line (start -1 -0.6) (end -1 0.6) (layer B.Fab) (width 0.1))
    (pad 2 smd roundrect (at 1.025 0 90) (size 1.15 1.4) (layers B.Cu B.Paste B.Mask) (roundrect_rratio 0.217391)
      (net 12 "Net-(C101-Pad2)"))
    (pad 1 smd roundrect (at -1.025 0 90) (size 1.15 1.4) (layers B.Cu B.Paste B.Mask) (roundrect_rratio 0.217391)
      (net 14 "Net-(C101-Pad1)"))
    (model ${KISYS3DMOD}/Capacitor_SMD.3dshapes/C_0805_2012Metric.wrl
      (at (xyz 0 0 0))
      (scale (xyz 1 1 1))
      (rotate (xyz 0 0 0))
    )
  )

  (module Capacitor_SMD:C_0805_2012Metric_Pad1.15x1.40mm_HandSolder (layer B.Cu) (tedit 5B36C52B) (tstamp 5BC087E0)
    (at 596.964 -68.36 90)
    (descr "Capacitor SMD 0805 (2012 Metric), square (rectangular) end terminal, IPC_7351 nominal with elongated pad for handsoldering. (Body size source: https://docs.google.com/spreadsheets/d/1BsfQQcO9C6DZCsRaXUlFlo91Tg2WpOkGARC1WS5S8t0/edit?usp=sharing), generated with kicad-footprint-generator")
    (tags "capacitor handsolder")
    (path /5B68AD5E)
    (attr smd)
    (fp_text reference C102 (at 0 1.65 90) (layer B.SilkS)
      (effects (font (size 1 1) (thickness 0.15)) (justify mirror))
    )
    (fp_text value 1n (at 0 -1.65 90) (layer B.Fab)
      (effects (font (size 1 1) (thickness 0.15)) (justify mirror))
    )
    (fp_line (start -1 -0.6) (end -1 0.6) (layer B.Fab) (width 0.1))
    (fp_line (start -1 0.6) (end 1 0.6) (layer B.Fab) (width 0.1))
    (fp_line (start 1 0.6) (end 1 -0.6) (layer B.Fab) (width 0.1))
    (fp_line (start 1 -0.6) (end -1 -0.6) (layer B.Fab) (width 0.1))
    (fp_line (start -0.261252 0.71) (end 0.261252 0.71) (layer B.SilkS) (width 0.12))
    (fp_line (start -0.261252 -0.71) (end 0.261252 -0.71) (layer B.SilkS) (width 0.12))
    (fp_line (start -1.85 -0.95) (end -1.85 0.95) (layer B.CrtYd) (width 0.05))
    (fp_line (start -1.85 0.95) (end 1.85 0.95) (layer B.CrtYd) (width 0.05))
    (fp_line (start 1.85 0.95) (end 1.85 -0.95) (layer B.CrtYd) (width 0.05))
    (fp_line (start 1.85 -0.95) (end -1.85 -0.95) (layer B.CrtYd) (width 0.05))
    (fp_text user %R (at 0 0 90) (layer B.Fab)
      (effects (font (size 0.5 0.5) (thickness 0.08)) (justify mirror))
    )
    (pad 1 smd roundrect (at -1.025 0 90) (size 1.15 1.4) (layers B.Cu B.Paste B.Mask) (roundrect_rratio 0.217391)
      (net 16 GNDPWR))
    (pad 2 smd roundrect (at 1.025 0 90) (size 1.15 1.4) (layers B.Cu B.Paste B.Mask) (roundrect_rratio 0.217391)
      (net 26 "Net-(C102-Pad2)"))
    (model ${KISYS3DMOD}/Capacitor_SMD.3dshapes/C_0805_2012Metric.wrl
      (at (xyz 0 0 0))
      (scale (xyz 1 1 1))
      (rotate (xyz 0 0 0))
    )
  )

  (module Capacitor_SMD:C_0805_2012Metric_Pad1.15x1.40mm_HandSolder (layer B.Cu) (tedit 5B36C52B) (tstamp 5BC087CF)
    (at 594.434 -84.038 90)
    (descr "Capacitor SMD 0805 (2012 Metric), square (rectangular) end terminal, IPC_7351 nominal with elongated pad for handsoldering. (Body size source: https://docs.google.com/spreadsheets/d/1BsfQQcO9C6DZCsRaXUlFlo91Tg2WpOkGARC1WS5S8t0/edit?usp=sharing), generated with kicad-footprint-generator")
    (tags "capacitor handsolder")
    (path /5B68B184)
    (attr smd)
    (fp_text reference C103 (at 0 1.65 90) (layer B.SilkS)
      (effects (font (size 1 1) (thickness 0.15)) (justify mirror))
    )
    (fp_text value 100n (at 0 -1.65 90) (layer B.Fab)
      (effects (font (size 1 1) (thickness 0.15)) (justify mirror))
    )
    (fp_text user %R (at 0 0 90) (layer B.Fab)
      (effects (font (size 0.5 0.5) (thickness 0.08)) (justify mirror))
    )
    (fp_line (start 1.85 -0.95) (end -1.85 -0.95) (layer B.CrtYd) (width 0.05))
    (fp_line (start 1.85 0.95) (end 1.85 -0.95) (layer B.CrtYd) (width 0.05))
    (fp_line (start -1.85 0.95) (end 1.85 0.95) (layer B.CrtYd) (width 0.05))
    (fp_line (start -1.85 -0.95) (end -1.85 0.95) (layer B.CrtYd) (width 0.05))
    (fp_line (start -0.261252 -0.71) (end 0.261252 -0.71) (layer B.SilkS) (width 0.12))
    (fp_line (start -0.261252 0.71) (end 0.261252 0.71) (layer B.SilkS) (width 0.12))
    (fp_line (start 1 -0.6) (end -1 -0.6) (layer B.Fab) (width 0.1))
    (fp_line (start 1 0.6) (end 1 -0.6) (layer B.Fab) (width 0.1))
    (fp_line (start -1 0.6) (end 1 0.6) (layer B.Fab) (width 0.1))
    (fp_line (start -1 -0.6) (end -1 0.6) (layer B.Fab) (width 0.1))
    (pad 2 smd roundrect (at 1.025 0 90) (size 1.15 1.4) (layers B.Cu B.Paste B.Mask) (roundrect_rratio 0.217391)
      (net 16 GNDPWR))
    (pad 1 smd roundrect (at -1.025 0 90) (size 1.15 1.4) (layers B.Cu B.Paste B.Mask) (roundrect_rratio 0.217391)
      (net 36 "Net-(C103-Pad1)"))
    (model ${KISYS3DMOD}/Capacitor_SMD.3dshapes/C_0805_2012Metric.wrl
      (at (xyz 0 0 0))
      (scale (xyz 1 1 1))
      (rotate (xyz 0 0 0))
    )
  )

  (module Capacitor_SMD:C_0805_2012Metric_Pad1.15x1.40mm_HandSolder (layer B.Cu) (tedit 5B36C52B) (tstamp 5BC087BE)
    (at 602.275 -86.061 90)
    (descr "Capacitor SMD 0805 (2012 Metric), square (rectangular) end terminal, IPC_7351 nominal with elongated pad for handsoldering. (Body size source: https://docs.google.com/spreadsheets/d/1BsfQQcO9C6DZCsRaXUlFlo91Tg2WpOkGARC1WS5S8t0/edit?usp=sharing), generated with kicad-footprint-generator")
    (tags "capacitor handsolder")
    (path /5B68C696)
    (attr smd)
    (fp_text reference C104 (at 0 1.65 90) (layer B.SilkS)
      (effects (font (size 1 1) (thickness 0.15)) (justify mirror))
    )
    (fp_text value 100n (at 0 -1.65 90) (layer B.Fab)
      (effects (font (size 1 1) (thickness 0.15)) (justify mirror))
    )
    (fp_line (start -1 -0.6) (end -1 0.6) (layer B.Fab) (width 0.1))
    (fp_line (start -1 0.6) (end 1 0.6) (layer B.Fab) (width 0.1))
    (fp_line (start 1 0.6) (end 1 -0.6) (layer B.Fab) (width 0.1))
    (fp_line (start 1 -0.6) (end -1 -0.6) (layer B.Fab) (width 0.1))
    (fp_line (start -0.261252 0.71) (end 0.261252 0.71) (layer B.SilkS) (width 0.12))
    (fp_line (start -0.261252 -0.71) (end 0.261252 -0.71) (layer B.SilkS) (width 0.12))
    (fp_line (start -1.85 -0.95) (end -1.85 0.95) (layer B.CrtYd) (width 0.05))
    (fp_line (start -1.85 0.95) (end 1.85 0.95) (layer B.CrtYd) (width 0.05))
    (fp_line (start 1.85 0.95) (end 1.85 -0.95) (layer B.CrtYd) (width 0.05))
    (fp_line (start 1.85 -0.95) (end -1.85 -0.95) (layer B.CrtYd) (width 0.05))
    (fp_text user %R (at 0 0 90) (layer B.Fab)
      (effects (font (size 0.5 0.5) (thickness 0.08)) (justify mirror))
    )
    (pad 1 smd roundrect (at -1.025 0 90) (size 1.15 1.4) (layers B.Cu B.Paste B.Mask) (roundrect_rratio 0.217391)
      (net 13 "Net-(C104-Pad1)"))
    (pad 2 smd roundrect (at 1.025 0 90) (size 1.15 1.4) (layers B.Cu B.Paste B.Mask) (roundrect_rratio 0.217391)
      (net 16 GNDPWR))
    (model ${KISYS3DMOD}/Capacitor_SMD.3dshapes/C_0805_2012Metric.wrl
      (at (xyz 0 0 0))
      (scale (xyz 1 1 1))
      (rotate (xyz 0 0 0))
    )
  )

  (module Capacitor_SMD:C_0805_2012Metric_Pad1.15x1.40mm_HandSolder (layer B.Cu) (tedit 5B36C52B) (tstamp 5BC087AD)
    (at 580.625 -45.2 90)
    (descr "Capacitor SMD 0805 (2012 Metric), square (rectangular) end terminal, IPC_7351 nominal with elongated pad for handsoldering. (Body size source: https://docs.google.com/spreadsheets/d/1BsfQQcO9C6DZCsRaXUlFlo91Tg2WpOkGARC1WS5S8t0/edit?usp=sharing), generated with kicad-footprint-generator")
    (tags "capacitor handsolder")
    (path /5B7DF89C)
    (attr smd)
    (fp_text reference C105 (at 0 1.65 90) (layer B.SilkS)
      (effects (font (size 1 1) (thickness 0.15)) (justify mirror))
    )
    (fp_text value 100n (at 0 -1.65 90) (layer B.Fab)
      (effects (font (size 1 1) (thickness 0.15)) (justify mirror))
    )
    (fp_text user %R (at 0 0 90) (layer B.Fab)
      (effects (font (size 0.5 0.5) (thickness 0.08)) (justify mirror))
    )
    (fp_line (start 1.85 -0.95) (end -1.85 -0.95) (layer B.CrtYd) (width 0.05))
    (fp_line (start 1.85 0.95) (end 1.85 -0.95) (layer B.CrtYd) (width 0.05))
    (fp_line (start -1.85 0.95) (end 1.85 0.95) (layer B.CrtYd) (width 0.05))
    (fp_line (start -1.85 -0.95) (end -1.85 0.95) (layer B.CrtYd) (width 0.05))
    (fp_line (start -0.261252 -0.71) (end 0.261252 -0.71) (layer B.SilkS) (width 0.12))
    (fp_line (start -0.261252 0.71) (end 0.261252 0.71) (layer B.SilkS) (width 0.12))
    (fp_line (start 1 -0.6) (end -1 -0.6) (layer B.Fab) (width 0.1))
    (fp_line (start 1 0.6) (end 1 -0.6) (layer B.Fab) (width 0.1))
    (fp_line (start -1 0.6) (end 1 0.6) (layer B.Fab) (width 0.1))
    (fp_line (start -1 -0.6) (end -1 0.6) (layer B.Fab) (width 0.1))
    (pad 2 smd roundrect (at 1.025 0 90) (size 1.15 1.4) (layers B.Cu B.Paste B.Mask) (roundrect_rratio 0.217391)
      (net 2 "Net-(C105-Pad2)"))
    (pad 1 smd roundrect (at -1.025 0 90) (size 1.15 1.4) (layers B.Cu B.Paste B.Mask) (roundrect_rratio 0.217391)
      (net 9 "Net-(C105-Pad1)"))
    (model ${KISYS3DMOD}/Capacitor_SMD.3dshapes/C_0805_2012Metric.wrl
      (at (xyz 0 0 0))
      (scale (xyz 1 1 1))
      (rotate (xyz 0 0 0))
    )
  )

  (module Capacitor_SMD:C_0805_2012Metric_Pad1.15x1.40mm_HandSolder (layer B.Cu) (tedit 5B36C52B) (tstamp 5BC0879C)
    (at 594.15 -37.11 90)
    (descr "Capacitor SMD 0805 (2012 Metric), square (rectangular) end terminal, IPC_7351 nominal with elongated pad for handsoldering. (Body size source: https://docs.google.com/spreadsheets/d/1BsfQQcO9C6DZCsRaXUlFlo91Tg2WpOkGARC1WS5S8t0/edit?usp=sharing), generated with kicad-footprint-generator")
    (tags "capacitor handsolder")
    (path /5B7DF8B6)
    (attr smd)
    (fp_text reference C106 (at 0 1.65 90) (layer B.SilkS)
      (effects (font (size 1 1) (thickness 0.15)) (justify mirror))
    )
    (fp_text value 1n (at 0 -1.65 90) (layer B.Fab)
      (effects (font (size 1 1) (thickness 0.15)) (justify mirror))
    )
    (fp_line (start -1 -0.6) (end -1 0.6) (layer B.Fab) (width 0.1))
    (fp_line (start -1 0.6) (end 1 0.6) (layer B.Fab) (width 0.1))
    (fp_line (start 1 0.6) (end 1 -0.6) (layer B.Fab) (width 0.1))
    (fp_line (start 1 -0.6) (end -1 -0.6) (layer B.Fab) (width 0.1))
    (fp_line (start -0.261252 0.71) (end 0.261252 0.71) (layer B.SilkS) (width 0.12))
    (fp_line (start -0.261252 -0.71) (end 0.261252 -0.71) (layer B.SilkS) (width 0.12))
    (fp_line (start -1.85 -0.95) (end -1.85 0.95) (layer B.CrtYd) (width 0.05))
    (fp_line (start -1.85 0.95) (end 1.85 0.95) (layer B.CrtYd) (width 0.05))
    (fp_line (start 1.85 0.95) (end 1.85 -0.95) (layer B.CrtYd) (width 0.05))
    (fp_line (start 1.85 -0.95) (end -1.85 -0.95) (layer B.CrtYd) (width 0.05))
    (fp_text user %R (at 0 0 90) (layer B.Fab)
      (effects (font (size 0.5 0.5) (thickness 0.08)) (justify mirror))
    )
    (pad 1 smd roundrect (at -1.025 0 90) (size 1.15 1.4) (layers B.Cu B.Paste B.Mask) (roundrect_rratio 0.217391)
      (net 16 GNDPWR))
    (pad 2 smd roundrect (at 1.025 0 90) (size 1.15 1.4) (layers B.Cu B.Paste B.Mask) (roundrect_rratio 0.217391)
      (net 18 "Net-(C106-Pad2)"))
    (model ${KISYS3DMOD}/Capacitor_SMD.3dshapes/C_0805_2012Metric.wrl
      (at (xyz 0 0 0))
      (scale (xyz 1 1 1))
      (rotate (xyz 0 0 0))
    )
  )

  (module Capacitor_SMD:C_0805_2012Metric_Pad1.15x1.40mm_HandSolder (layer B.Cu) (tedit 5B36C52B) (tstamp 5BC0878B)
    (at 594.384 -52.788 90)
    (descr "Capacitor SMD 0805 (2012 Metric), square (rectangular) end terminal, IPC_7351 nominal with elongated pad for handsoldering. (Body size source: https://docs.google.com/spreadsheets/d/1BsfQQcO9C6DZCsRaXUlFlo91Tg2WpOkGARC1WS5S8t0/edit?usp=sharing), generated with kicad-footprint-generator")
    (tags "capacitor handsolder")
    (path /5B7DF8CC)
    (attr smd)
    (fp_text reference C107 (at 0 1.65 90) (layer B.SilkS)
      (effects (font (size 1 1) (thickness 0.15)) (justify mirror))
    )
    (fp_text value 100n (at 0 -1.65 90) (layer B.Fab)
      (effects (font (size 1 1) (thickness 0.15)) (justify mirror))
    )
    (fp_text user %R (at 0 0 90) (layer B.Fab)
      (effects (font (size 0.5 0.5) (thickness 0.08)) (justify mirror))
    )
    (fp_line (start 1.85 -0.95) (end -1.85 -0.95) (layer B.CrtYd) (width 0.05))
    (fp_line (start 1.85 0.95) (end 1.85 -0.95) (layer B.CrtYd) (width 0.05))
    (fp_line (start -1.85 0.95) (end 1.85 0.95) (layer B.CrtYd) (width 0.05))
    (fp_line (start -1.85 -0.95) (end -1.85 0.95) (layer B.CrtYd) (width 0.05))
    (fp_line (start -0.261252 -0.71) (end 0.261252 -0.71) (layer B.SilkS) (width 0.12))
    (fp_line (start -0.261252 0.71) (end 0.261252 0.71) (layer B.SilkS) (width 0.12))
    (fp_line (start 1 -0.6) (end -1 -0.6) (layer B.Fab) (width 0.1))
    (fp_line (start 1 0.6) (end 1 -0.6) (layer B.Fab) (width 0.1))
    (fp_line (start -1 0.6) (end 1 0.6) (layer B.Fab) (width 0.1))
    (fp_line (start -1 -0.6) (end -1 0.6) (layer B.Fab) (width 0.1))
    (pad 2 smd roundrect (at 1.025 0 90) (size 1.15 1.4) (layers B.Cu B.Paste B.Mask) (roundrect_rratio 0.217391)
      (net 16 GNDPWR))
    (pad 1 smd roundrect (at -1.025 0 90) (size 1.15 1.4) (layers B.Cu B.Paste B.Mask) (roundrect_rratio 0.217391)
      (net 33 "Net-(C107-Pad1)"))
    (model ${KISYS3DMOD}/Capacitor_SMD.3dshapes/C_0805_2012Metric.wrl
      (at (xyz 0 0 0))
      (scale (xyz 1 1 1))
      (rotate (xyz 0 0 0))
    )
  )

  (module Capacitor_SMD:C_0805_2012Metric_Pad1.15x1.40mm_HandSolder (layer B.Cu) (tedit 5B36C52B) (tstamp 5BC0877A)
    (at 602.225 -54.811 90)
    (descr "Capacitor SMD 0805 (2012 Metric), square (rectangular) end terminal, IPC_7351 nominal with elongated pad for handsoldering. (Body size source: https://docs.google.com/spreadsheets/d/1BsfQQcO9C6DZCsRaXUlFlo91Tg2WpOkGARC1WS5S8t0/edit?usp=sharing), generated with kicad-footprint-generator")
    (tags "capacitor handsolder")
    (path /5B7DF8DD)
    (attr smd)
    (fp_text reference C108 (at 0 1.65 90) (layer B.SilkS)
      (effects (font (size 1 1) (thickness 0.15)) (justify mirror))
    )
    (fp_text value 100n (at 0 -1.65 90) (layer B.Fab)
      (effects (font (size 1 1) (thickness 0.15)) (justify mirror))
    )
    (fp_line (start -1 -0.6) (end -1 0.6) (layer B.Fab) (width 0.1))
    (fp_line (start -1 0.6) (end 1 0.6) (layer B.Fab) (width 0.1))
    (fp_line (start 1 0.6) (end 1 -0.6) (layer B.Fab) (width 0.1))
    (fp_line (start 1 -0.6) (end -1 -0.6) (layer B.Fab) (width 0.1))
    (fp_line (start -0.261252 0.71) (end 0.261252 0.71) (layer B.SilkS) (width 0.12))
    (fp_line (start -0.261252 -0.71) (end 0.261252 -0.71) (layer B.SilkS) (width 0.12))
    (fp_line (start -1.85 -0.95) (end -1.85 0.95) (layer B.CrtYd) (width 0.05))
    (fp_line (start -1.85 0.95) (end 1.85 0.95) (layer B.CrtYd) (width 0.05))
    (fp_line (start 1.85 0.95) (end 1.85 -0.95) (layer B.CrtYd) (width 0.05))
    (fp_line (start 1.85 -0.95) (end -1.85 -0.95) (layer B.CrtYd) (width 0.05))
    (fp_text user %R (at 0 0 90) (layer B.Fab)
      (effects (font (size 0.5 0.5) (thickness 0.08)) (justify mirror))
    )
    (pad 1 smd roundrect (at -1.025 0 90) (size 1.15 1.4) (layers B.Cu B.Paste B.Mask) (roundrect_rratio 0.217391)
      (net 15 "Net-(C108-Pad1)"))
    (pad 2 smd roundrect (at 1.025 0 90) (size 1.15 1.4) (layers B.Cu B.Paste B.Mask) (roundrect_rratio 0.217391)
      (net 16 GNDPWR))
    (model ${KISYS3DMOD}/Capacitor_SMD.3dshapes/C_0805_2012Metric.wrl
      (at (xyz 0 0 0))
      (scale (xyz 1 1 1))
      (rotate (xyz 0 0 0))
    )
  )

  (module Capacitor_SMD:C_0805_2012Metric_Pad1.15x1.40mm_HandSolder (layer B.Cu) (tedit 5B36C52B) (tstamp 5BC08769)
    (at 580.625 -13.575 90)
    (descr "Capacitor SMD 0805 (2012 Metric), square (rectangular) end terminal, IPC_7351 nominal with elongated pad for handsoldering. (Body size source: https://docs.google.com/spreadsheets/d/1BsfQQcO9C6DZCsRaXUlFlo91Tg2WpOkGARC1WS5S8t0/edit?usp=sharing), generated with kicad-footprint-generator")
    (tags "capacitor handsolder")
    (path /5B7E74D2)
    (attr smd)
    (fp_text reference C109 (at 0 1.65 90) (layer B.SilkS)
      (effects (font (size 1 1) (thickness 0.15)) (justify mirror))
    )
    (fp_text value 100n (at 0 -1.65 90) (layer B.Fab)
      (effects (font (size 1 1) (thickness 0.15)) (justify mirror))
    )
    (fp_text user %R (at 0 0 90) (layer B.Fab)
      (effects (font (size 0.5 0.5) (thickness 0.08)) (justify mirror))
    )
    (fp_line (start 1.85 -0.95) (end -1.85 -0.95) (layer B.CrtYd) (width 0.05))
    (fp_line (start 1.85 0.95) (end 1.85 -0.95) (layer B.CrtYd) (width 0.05))
    (fp_line (start -1.85 0.95) (end 1.85 0.95) (layer B.CrtYd) (width 0.05))
    (fp_line (start -1.85 -0.95) (end -1.85 0.95) (layer B.CrtYd) (width 0.05))
    (fp_line (start -0.261252 -0.71) (end 0.261252 -0.71) (layer B.SilkS) (width 0.12))
    (fp_line (start -0.261252 0.71) (end 0.261252 0.71) (layer B.SilkS) (width 0.12))
    (fp_line (start 1 -0.6) (end -1 -0.6) (layer B.Fab) (width 0.1))
    (fp_line (start 1 0.6) (end 1 -0.6) (layer B.Fab) (width 0.1))
    (fp_line (start -1 0.6) (end 1 0.6) (layer B.Fab) (width 0.1))
    (fp_line (start -1 -0.6) (end -1 0.6) (layer B.Fab) (width 0.1))
    (pad 2 smd roundrect (at 1.025 0 90) (size 1.15 1.4) (layers B.Cu B.Paste B.Mask) (roundrect_rratio 0.217391)
      (net 4 "Net-(C109-Pad2)"))
    (pad 1 smd roundrect (at -1.025 0 90) (size 1.15 1.4) (layers B.Cu B.Paste B.Mask) (roundrect_rratio 0.217391)
      (net 6 "Net-(C109-Pad1)"))
    (model ${KISYS3DMOD}/Capacitor_SMD.3dshapes/C_0805_2012Metric.wrl
      (at (xyz 0 0 0))
      (scale (xyz 1 1 1))
      (rotate (xyz 0 0 0))
    )
  )

  (module Capacitor_SMD:C_0805_2012Metric_Pad1.15x1.40mm_HandSolder (layer B.Cu) (tedit 5B36C52B) (tstamp 5BC08758)
    (at 594.15 -5.485 90)
    (descr "Capacitor SMD 0805 (2012 Metric), square (rectangular) end terminal, IPC_7351 nominal with elongated pad for handsoldering. (Body size source: https://docs.google.com/spreadsheets/d/1BsfQQcO9C6DZCsRaXUlFlo91Tg2WpOkGARC1WS5S8t0/edit?usp=sharing), generated with kicad-footprint-generator")
    (tags "capacitor handsolder")
    (path /5B7E74EC)
    (attr smd)
    (fp_text reference C110 (at 0 1.65 90) (layer B.SilkS)
      (effects (font (size 1 1) (thickness 0.15)) (justify mirror))
    )
    (fp_text value 1n (at 0 -1.65 90) (layer B.Fab)
      (effects (font (size 1 1) (thickness 0.15)) (justify mirror))
    )
    (fp_line (start -1 -0.6) (end -1 0.6) (layer B.Fab) (width 0.1))
    (fp_line (start -1 0.6) (end 1 0.6) (layer B.Fab) (width 0.1))
    (fp_line (start 1 0.6) (end 1 -0.6) (layer B.Fab) (width 0.1))
    (fp_line (start 1 -0.6) (end -1 -0.6) (layer B.Fab) (width 0.1))
    (fp_line (start -0.261252 0.71) (end 0.261252 0.71) (layer B.SilkS) (width 0.12))
    (fp_line (start -0.261252 -0.71) (end 0.261252 -0.71) (layer B.SilkS) (width 0.12))
    (fp_line (start -1.85 -0.95) (end -1.85 0.95) (layer B.CrtYd) (width 0.05))
    (fp_line (start -1.85 0.95) (end 1.85 0.95) (layer B.CrtYd) (width 0.05))
    (fp_line (start 1.85 0.95) (end 1.85 -0.95) (layer B.CrtYd) (width 0.05))
    (fp_line (start 1.85 -0.95) (end -1.85 -0.95) (layer B.CrtYd) (width 0.05))
    (fp_text user %R (at 0 0 90) (layer B.Fab)
      (effects (font (size 0.5 0.5) (thickness 0.08)) (justify mirror))
    )
    (pad 1 smd roundrect (at -1.025 0 90) (size 1.15 1.4) (layers B.Cu B.Paste B.Mask) (roundrect_rratio 0.217391)
      (net 16 GNDPWR))
    (pad 2 smd roundrect (at 1.025 0 90) (size 1.15 1.4) (layers B.Cu B.Paste B.Mask) (roundrect_rratio 0.217391)
      (net 34 "Net-(C110-Pad2)"))
    (model ${KISYS3DMOD}/Capacitor_SMD.3dshapes/C_0805_2012Metric.wrl
      (at (xyz 0 0 0))
      (scale (xyz 1 1 1))
      (rotate (xyz 0 0 0))
    )
  )

  (module Capacitor_SMD:C_0805_2012Metric_Pad1.15x1.40mm_HandSolder (layer B.Cu) (tedit 5B36C52B) (tstamp 5BC08747)
    (at 594.459 -21.163 90)
    (descr "Capacitor SMD 0805 (2012 Metric), square (rectangular) end terminal, IPC_7351 nominal with elongated pad for handsoldering. (Body size source: https://docs.google.com/spreadsheets/d/1BsfQQcO9C6DZCsRaXUlFlo91Tg2WpOkGARC1WS5S8t0/edit?usp=sharing), generated with kicad-footprint-generator")
    (tags "capacitor handsolder")
    (path /5B7E7502)
    (attr smd)
    (fp_text reference C111 (at 0 1.65 90) (layer B.SilkS)
      (effects (font (size 1 1) (thickness 0.15)) (justify mirror))
    )
    (fp_text value 100n (at 0 -1.65 90) (layer B.Fab)
      (effects (font (size 1 1) (thickness 0.15)) (justify mirror))
    )
    (fp_text user %R (at 0 0 90) (layer B.Fab)
      (effects (font (size 0.5 0.5) (thickness 0.08)) (justify mirror))
    )
    (fp_line (start 1.85 -0.95) (end -1.85 -0.95) (layer B.CrtYd) (width 0.05))
    (fp_line (start 1.85 0.95) (end 1.85 -0.95) (layer B.CrtYd) (width 0.05))
    (fp_line (start -1.85 0.95) (end 1.85 0.95) (layer B.CrtYd) (width 0.05))
    (fp_line (start -1.85 -0.95) (end -1.85 0.95) (layer B.CrtYd) (width 0.05))
    (fp_line (start -0.261252 -0.71) (end 0.261252 -0.71) (layer B.SilkS) (width 0.12))
    (fp_line (start -0.261252 0.71) (end 0.261252 0.71) (layer B.SilkS) (width 0.12))
    (fp_line (start 1 -0.6) (end -1 -0.6) (layer B.Fab) (width 0.1))
    (fp_line (start 1 0.6) (end 1 -0.6) (layer B.Fab) (width 0.1))
    (fp_line (start -1 0.6) (end 1 0.6) (layer B.Fab) (width 0.1))
    (fp_line (start -1 -0.6) (end -1 0.6) (layer B.Fab) (width 0.1))
    (pad 2 smd roundrect (at 1.025 0 90) (size 1.15 1.4) (layers B.Cu B.Paste B.Mask) (roundrect_rratio 0.217391)
      (net 16 GNDPWR))
    (pad 1 smd roundrect (at -1.025 0 90) (size 1.15 1.4) (layers B.Cu B.Paste B.Mask) (roundrect_rratio 0.217391)
      (net 23 "Net-(C111-Pad1)"))
    (model ${KISYS3DMOD}/Capacitor_SMD.3dshapes/C_0805_2012Metric.wrl
      (at (xyz 0 0 0))
      (scale (xyz 1 1 1))
      (rotate (xyz 0 0 0))
    )
  )

  (module Capacitor_SMD:C_0805_2012Metric_Pad1.15x1.40mm_HandSolder (layer B.Cu) (tedit 5B36C52B) (tstamp 5BC08736)
    (at 602.3 -23.186 90)
    (descr "Capacitor SMD 0805 (2012 Metric), square (rectangular) end terminal, IPC_7351 nominal with elongated pad for handsoldering. (Body size source: https://docs.google.com/spreadsheets/d/1BsfQQcO9C6DZCsRaXUlFlo91Tg2WpOkGARC1WS5S8t0/edit?usp=sharing), generated with kicad-footprint-generator")
    (tags "capacitor handsolder")
    (path /5B7E7513)
    (attr smd)
    (fp_text reference C112 (at 0 1.65 90) (layer B.SilkS)
      (effects (font (size 1 1) (thickness 0.15)) (justify mirror))
    )
    (fp_text value 100n (at 0 -1.65 90) (layer B.Fab)
      (effects (font (size 1 1) (thickness 0.15)) (justify mirror))
    )
    (fp_line (start -1 -0.6) (end -1 0.6) (layer B.Fab) (width 0.1))
    (fp_line (start -1 0.6) (end 1 0.6) (layer B.Fab) (width 0.1))
    (fp_line (start 1 0.6) (end 1 -0.6) (layer B.Fab) (width 0.1))
    (fp_line (start 1 -0.6) (end -1 -0.6) (layer B.Fab) (width 0.1))
    (fp_line (start -0.261252 0.71) (end 0.261252 0.71) (layer B.SilkS) (width 0.12))
    (fp_line (start -0.261252 -0.71) (end 0.261252 -0.71) (layer B.SilkS) (width 0.12))
    (fp_line (start -1.85 -0.95) (end -1.85 0.95) (layer B.CrtYd) (width 0.05))
    (fp_line (start -1.85 0.95) (end 1.85 0.95) (layer B.CrtYd) (width 0.05))
    (fp_line (start 1.85 0.95) (end 1.85 -0.95) (layer B.CrtYd) (width 0.05))
    (fp_line (start 1.85 -0.95) (end -1.85 -0.95) (layer B.CrtYd) (width 0.05))
    (fp_text user %R (at 0 0 90) (layer B.Fab)
      (effects (font (size 0.5 0.5) (thickness 0.08)) (justify mirror))
    )
    (pad 1 smd roundrect (at -1.025 0 90) (size 1.15 1.4) (layers B.Cu B.Paste B.Mask) (roundrect_rratio 0.217391)
      (net 5 "Net-(C112-Pad1)"))
    (pad 2 smd roundrect (at 1.025 0 90) (size 1.15 1.4) (layers B.Cu B.Paste B.Mask) (roundrect_rratio 0.217391)
      (net 16 GNDPWR))
    (model ${KISYS3DMOD}/Capacitor_SMD.3dshapes/C_0805_2012Metric.wrl
      (at (xyz 0 0 0))
      (scale (xyz 1 1 1))
      (rotate (xyz 0 0 0))
    )
  )

  (module Capacitor_THT:CP_Radial_D18.0mm_P7.50mm (layer F.Cu) (tedit 5AE50EF1) (tstamp 5BC08725)
    (at 653.041 -102.444 270)
    (descr "CP, Radial series, Radial, pin pitch=7.50mm, , diameter=18mm, Electrolytic Capacitor")
    (tags "CP Radial series Radial pin pitch 7.50mm  diameter 18mm Electrolytic Capacitor")
    (path /5B6C58DE)
    (fp_text reference C113 (at 3.75 -10.25 270) (layer F.SilkS)
      (effects (font (size 1 1) (thickness 0.15)))
    )
    (fp_text value "4700u 35V" (at 3.75 10.25 270) (layer F.Fab)
      (effects (font (size 1 1) (thickness 0.15)))
    )
    (fp_text user %R (at 3.75 0 270) (layer F.Fab)
      (effects (font (size 1 1) (thickness 0.15)))
    )
    (fp_line (start -5.10944 -6.015) (end -5.10944 -4.215) (layer F.SilkS) (width 0.12))
    (fp_line (start -6.00944 -5.115) (end -4.20944 -5.115) (layer F.SilkS) (width 0.12))
    (fp_line (start 12.87 -0.04) (end 12.87 0.04) (layer F.SilkS) (width 0.12))
    (fp_line (start 12.83 -0.814) (end 12.83 0.814) (layer F.SilkS) (width 0.12))
    (fp_line (start 12.79 -1.166) (end 12.79 1.166) (layer F.SilkS) (width 0.12))
    (fp_line (start 12.75 -1.435) (end 12.75 1.435) (layer F.SilkS) (width 0.12))
    (fp_line (start 12.71 -1.661) (end 12.71 1.661) (layer F.SilkS) (width 0.12))
    (fp_line (start 12.67 -1.86) (end 12.67 1.86) (layer F.SilkS) (width 0.12))
    (fp_line (start 12.63 -2.039) (end 12.63 2.039) (layer F.SilkS) (width 0.12))
    (fp_line (start 12.59 -2.203) (end 12.59 2.203) (layer F.SilkS) (width 0.12))
    (fp_line (start 12.55 -2.355) (end 12.55 2.355) (layer F.SilkS) (width 0.12))
    (fp_line (start 12.51 -2.498) (end 12.51 2.498) (layer F.SilkS) (width 0.12))
    (fp_line (start 12.47 -2.632) (end 12.47 2.632) (layer F.SilkS) (width 0.12))
    (fp_line (start 12.43 -2.759) (end 12.43 2.759) (layer F.SilkS) (width 0.12))
    (fp_line (start 12.39 -2.88) (end 12.39 2.88) (layer F.SilkS) (width 0.12))
    (fp_line (start 12.35 -2.996) (end 12.35 2.996) (layer F.SilkS) (width 0.12))
    (fp_line (start 12.31 -3.107) (end 12.31 3.107) (layer F.SilkS) (width 0.12))
    (fp_line (start 12.27 -3.214) (end 12.27 3.214) (layer F.SilkS) (width 0.12))
    (fp_line (start 12.23 -3.317) (end 12.23 3.317) (layer F.SilkS) (width 0.12))
    (fp_line (start 12.19 -3.416) (end 12.19 3.416) (layer F.SilkS) (width 0.12))
    (fp_line (start 12.15 -3.512) (end 12.15 3.512) (layer F.SilkS) (width 0.12))
    (fp_line (start 12.11 -3.605) (end 12.11 3.605) (layer F.SilkS) (width 0.12))
    (fp_line (start 12.07 -3.696) (end 12.07 3.696) (layer F.SilkS) (width 0.12))
    (fp_line (start 12.03 -3.784) (end 12.03 3.784) (layer F.SilkS) (width 0.12))
    (fp_line (start 11.99 -3.869) (end 11.99 3.869) (layer F.SilkS) (width 0.12))
    (fp_line (start 11.95 -3.952) (end 11.95 3.952) (layer F.SilkS) (width 0.12))
    (fp_line (start 11.911 -4.033) (end 11.911 4.033) (layer F.SilkS) (width 0.12))
    (fp_line (start 11.871 -4.113) (end 11.871 4.113) (layer F.SilkS) (width 0.12))
    (fp_line (start 11.831 -4.19) (end 11.831 4.19) (layer F.SilkS) (width 0.12))
    (fp_line (start 11.791 -4.265) (end 11.791 4.265) (layer F.SilkS) (width 0.12))
    (fp_line (start 11.751 -4.339) (end 11.751 4.339) (layer F.SilkS) (width 0.12))
    (fp_line (start 11.711 -4.412) (end 11.711 4.412) (layer F.SilkS) (width 0.12))
    (fp_line (start 11.671 -4.482) (end 11.671 4.482) (layer F.SilkS) (width 0.12))
    (fp_line (start 11.631 -4.552) (end 11.631 4.552) (layer F.SilkS) (width 0.12))
    (fp_line (start 11.591 -4.62) (end 11.591 4.62) (layer F.SilkS) (width 0.12))
    (fp_line (start 11.551 -4.686) (end 11.551 4.686) (layer F.SilkS) (width 0.12))
    (fp_line (start 11.511 -4.752) (end 11.511 4.752) (layer F.SilkS) (width 0.12))
    (fp_line (start 11.471 -4.816) (end 11.471 4.816) (layer F.SilkS) (width 0.12))
    (fp_line (start 11.431 -4.879) (end 11.431 4.879) (layer F.SilkS) (width 0.12))
    (fp_line (start 11.391 -4.941) (end 11.391 4.941) (layer F.SilkS) (width 0.12))
